hello
2>1
i=0 i=1 i=2 i=3 i=4 i=5 i=6 i=7 i=8 i=9  
while loop: i=0
while loop: i=1
while loop: i=2
while loop: i=3
while loop: i=4
while loop: i=5
while loop: i=6
while loop: i=7
while loop: i=8
while loop: i=9
at least once
pi=3.14
pi=3.141592653589790
v[0] = 0
v[1] = 0.841470984807897
v[2] = 0.909297426825682
v[3] = 0.141120008059867
v[4] = -0.756802495307928
v[5] = -0.958924274663138
v[6] = -0.279415498198926
v[7] = 0.656986598718789
v[8] = 0.989358246623382
v[9] = 0.412118485241757
v.Length=11
v[0] = 0
v[1] = 0.841470984807897
v[2] = 0.909297426825682
v[3] = 0.141120008059867
v[4] = -0.756802495307928
v[5] = -0.958924274663138
v[6] = -0.279415498198926
v[7] = 0.656986598718789
v[8] = 0.989358246623382
v[9] = 0.412118485241757
v[10] = 3.14159265358979
