c =       4.96      0.173 
a = 143.208234119678
mean lifetime = 5.78994836237349
