
 Problem A1: Test Jacobi functionality 

Symmetric random test matrix A
A = 
     0.943      0.421      0.922      0.615       0.44      0.493      0.742      0.168      0.888      0.995 
     0.421      0.518      0.884        0.3      0.948      0.144      0.349      0.677      0.999      0.958 
     0.922      0.884      0.914      0.436      0.794      0.729       0.65      0.928      0.633     0.0949 
     0.615        0.3      0.436      0.101      0.143      0.843     0.0716      0.993      0.519      0.738 
      0.44      0.948      0.794      0.143      0.232      0.238      0.146      0.749      0.739      0.667 
     0.493      0.144      0.729      0.843      0.238       0.49     0.0878       0.85      0.907      0.307 
     0.742      0.349       0.65     0.0716      0.146     0.0878      0.596      0.492      0.538     0.0428 
     0.168      0.677      0.928      0.993      0.749       0.85      0.492      0.947      0.739      0.402 
     0.888      0.999      0.633      0.519      0.739      0.907      0.538      0.739      0.375      0.928 
     0.995      0.958     0.0949      0.738      0.667      0.307     0.0428      0.402      0.928      0.961 

Jacobi diagonalisation A=V*D*V.T

V = 
     0.311     -0.105      0.379      0.245     -0.239      0.202     -0.486     -0.389      -0.29      0.344 
     0.444      0.159      0.273     -0.529      0.116   -0.00227      0.513    -0.0352     -0.186      0.334 
    -0.325     -0.183      -0.27     -0.281     -0.254      0.496      0.124     -0.341      0.365      0.365 
     -0.32      0.606      0.216     -0.247     -0.334     -0.111      -0.32       0.35     0.0837      0.259 
   -0.0319      0.454     -0.126      0.677    -0.0135      0.184      0.448   0.000112    -0.0667      0.283 
      0.42      0.112     -0.342    -0.0103      0.477      0.252     -0.384      0.304      0.297      0.275 
     0.013      0.235     -0.296    -0.0311       0.14     -0.646     -0.108     -0.587      0.152      0.198 
     0.174      -0.43      0.164      0.226     -0.293     -0.398      0.149      0.317       0.46      0.358 
    -0.534     -0.221      0.342     0.0574      0.621    -0.0561    -0.0176     0.0338     -0.118      0.375 
   -0.0737     -0.234     -0.546    -0.0814     -0.185     -0.156    -0.0402      0.264     -0.632      0.326 

D = 
     -1.07          0          0          0          0          0          0          0          0          0 
         0     -0.947          0          0          0          0          0          0          0          0 
         0          0     -0.788          0          0          0          0          0          0          0 
         0          0          0     -0.508          0          0          0          0          0          0 
         0          0          0          0     -0.143          0          0          0          0          0 
         0          0          0          0          0      0.162          0          0          0          0 
         0          0          0          0          0          0      0.879          0          0          0 
         0          0          0          0          0          0          0       1.08          0          0 
         0          0          0          0          0          0          0          0       1.35          0 
         0          0          0          0          0          0          0          0          0       6.06 

(V.T*A)*V - D =
  0.000000  0.000000  0.000000  0.000000  0.000000  0.000000  0.000000  0.000000  0.000000  0.000000
  0.000000  0.000000  0.000000  0.000000  0.000000  0.000000  0.000000  0.000000  0.000000  0.000000
  0.000000  0.000000  0.000000  0.000000  0.000000  0.000000  0.000000  0.000000  0.000000  0.000000
  0.000000  0.000000  0.000000  0.000000  0.000000  0.000000  0.000000  0.000000  0.000000  0.000000
  0.000000  0.000000  0.000000  0.000000  0.000000  0.000000  0.000000  0.000000  0.000000  0.000000
  0.000000  0.000000  0.000000  0.000000  0.000000  0.000000  0.000000  0.000000  0.000000  0.000000
  0.000000  0.000000  0.000000  0.000000  0.000000  0.000000  0.000000  0.000000  0.000000  0.000000
  0.000000  0.000000  0.000000  0.000000  0.000000  0.000000  0.000000  0.000000  0.000000  0.000000
  0.000000  0.000000  0.000000  0.000000  0.000000  0.000000  0.000000  0.000000  0.000000  0.000000
  0.000000  0.000000  0.000000  0.000000  0.000000  0.000000  0.000000  0.000000  0.000000  0.000000


 Problem A2: Quantum Particle in box 


 H = 
       882       -441          0          0          0          0          0          0          0          0          0          0          0          0          0          0          0          0          0          0 
      -441        882       -441          0          0          0          0          0          0          0          0          0          0          0          0          0          0          0          0          0 
         0       -441        882       -441          0          0          0          0          0          0          0          0          0          0          0          0          0          0          0          0 
         0          0       -441        882       -441          0          0          0          0          0          0          0          0          0          0          0          0          0          0          0 
         0          0          0       -441        882       -441          0          0          0          0          0          0          0          0          0          0          0          0          0          0 
         0          0          0          0       -441        882       -441          0          0          0          0          0          0          0          0          0          0          0          0          0 
         0          0          0          0          0       -441        882       -441          0          0          0          0          0          0          0          0          0          0          0          0 
         0          0          0          0          0          0       -441        882       -441          0          0          0          0          0          0          0          0          0          0          0 
         0          0          0          0          0          0          0       -441        882       -441          0          0          0          0          0          0          0          0          0          0 
         0          0          0          0          0          0          0          0       -441        882       -441          0          0          0          0          0          0          0          0          0 
         0          0          0          0          0          0          0          0          0       -441        882       -441          0          0          0          0          0          0          0          0 
         0          0          0          0          0          0          0          0          0          0       -441        882       -441          0          0          0          0          0          0          0 
         0          0          0          0          0          0          0          0          0          0          0       -441        882       -441          0          0          0          0          0          0 
         0          0          0          0          0          0          0          0          0          0          0          0       -441        882       -441          0          0          0          0          0 
         0          0          0          0          0          0          0          0          0          0          0          0          0       -441        882       -441          0          0          0          0 
         0          0          0          0          0          0          0          0          0          0          0          0          0          0       -441        882       -441          0          0          0 
         0          0          0          0          0          0          0          0          0          0          0          0          0          0          0       -441        882       -441          0          0 
         0          0          0          0          0          0          0          0          0          0          0          0          0          0          0          0       -441        882       -441          0 
         0          0          0          0          0          0          0          0          0          0          0          0          0          0          0          0          0       -441        882       -441 
         0          0          0          0          0          0          0          0          0          0          0          0          0          0          0          0          0          0       -441        882 

 Jacobi diagonalisation H=V*D*V.T

 V = 
     0.046     -0.091      0.134     -0.174       0.21     -0.241      0.267      0.287      0.301      0.308     -0.308      0.301     -0.287      0.267     -0.241       0.21     -0.174      0.134      0.091     -0.046 
     0.091     -0.174      0.241     -0.287      0.308     -0.301      0.267       0.21      0.134      0.046      0.046     -0.134       0.21     -0.267      0.301     -0.308      0.287     -0.241     -0.174      0.091 
     0.134     -0.241      0.301     -0.301      0.241     -0.134   2.99e-10     -0.134     -0.241     -0.301      0.301     -0.241      0.134   9.32e-10     -0.134      0.241     -0.301      0.301      0.241     -0.134 
     0.174     -0.287      0.301      -0.21      0.046      0.134     -0.267     -0.308     -0.241     -0.091     -0.091      0.241     -0.308      0.267     -0.134     -0.046       0.21     -0.301     -0.287      0.174 
      0.21     -0.308      0.241     -0.046     -0.174      0.301     -0.267     -0.091      0.134      0.287     -0.287      0.134      0.091     -0.267      0.301     -0.174     -0.046      0.241      0.308      -0.21 
     0.241     -0.301      0.134      0.134     -0.301      0.241   3.89e-10      0.241      0.301      0.134      0.134     -0.301      0.241   -7.6e-10     -0.241      0.301     -0.134     -0.134     -0.301      0.241 
     0.267     -0.267  -1.31e-09      0.267     -0.267   1.02e-10      0.267      0.267  -6.17e-11     -0.267      0.267  -1.75e-09     -0.267      0.267   1.72e-09     -0.267      0.267  -6.63e-10      0.267     -0.267 
     0.287      -0.21     -0.134      0.308     -0.091     -0.241      0.267     -0.046     -0.301     -0.174     -0.174      0.301     -0.046     -0.267      0.241      0.091     -0.308      0.134      -0.21      0.287 
     0.301     -0.134     -0.241      0.241      0.134     -0.301   1.14e-10     -0.301     -0.134      0.241     -0.241     -0.134      0.301  -3.37e-10     -0.301      0.134      0.241     -0.241      0.134     -0.301 
     0.308     -0.046     -0.301      0.091      0.287     -0.134     -0.267     -0.174      0.241       0.21       0.21     -0.241     -0.174      0.267      0.134     -0.287     -0.091      0.301     -0.046      0.308 
     0.308      0.046     -0.301     -0.091      0.287      0.134     -0.267      0.174      0.241      -0.21       0.21      0.241     -0.174     -0.267      0.134      0.287     -0.091     -0.301     -0.046     -0.308 
     0.301      0.134     -0.241     -0.241      0.134      0.301  -2.16e-10      0.301     -0.134     -0.241     -0.241      0.134      0.301   6.25e-10     -0.301     -0.134      0.241      0.241      0.134      0.301 
     0.287       0.21     -0.134     -0.308     -0.091      0.241      0.267      0.046     -0.301      0.174     -0.174     -0.301     -0.046      0.267      0.241     -0.091     -0.308     -0.134      -0.21     -0.287 
     0.267      0.267  -6.23e-10     -0.267     -0.267   1.58e-11      0.267     -0.267   -6.8e-11      0.267      0.267  -1.65e-09     -0.267     -0.267   1.84e-09      0.267      0.267   5.49e-10      0.267      0.267 
     0.241      0.301      0.134     -0.134     -0.301     -0.241  -4.73e-10     -0.241      0.301     -0.134      0.134      0.301      0.241  -7.42e-11     -0.241     -0.301     -0.134      0.134     -0.301     -0.241 
      0.21      0.308      0.241      0.046     -0.174     -0.301     -0.267      0.091      0.134     -0.287     -0.287     -0.134      0.091      0.267      0.301      0.174     -0.046     -0.241      0.308       0.21 
     0.174      0.287      0.301       0.21      0.046     -0.134     -0.267      0.308     -0.241      0.091     -0.091     -0.241     -0.308     -0.267     -0.134      0.046       0.21      0.301     -0.287     -0.174 
     0.134      0.241      0.301      0.301      0.241      0.134  -3.42e-10      0.134     -0.241      0.301      0.301      0.241      0.134  -7.65e-10     -0.134     -0.241     -0.301     -0.301      0.241      0.134 
     0.091      0.174      0.241      0.287      0.308      0.301      0.267      -0.21      0.134     -0.046      0.046      0.134       0.21      0.267      0.301      0.308      0.287      0.241     -0.174     -0.091 
     0.046      0.091      0.134      0.174       0.21      0.241      0.267     -0.287      0.301     -0.308     -0.308     -0.301     -0.287     -0.267     -0.241      -0.21     -0.174     -0.134      0.091      0.046 

 D = 
      9.85          0          0          0          0          0          0          0          0          0          0          0          0          0          0          0          0          0          0          0 
         0       39.2          0          0          0          0          0          0          0          0          0          0          0          0          0          0          0          0          0          0 
         0          0       87.3          0          0          0          0          0          0          0          0          0          0          0          0          0          0          0          0          0 
         0          0          0        153          0          0          0          0          0          0          0          0          0          0          0          0          0          0          0          0 
         0          0          0          0        235          0          0          0          0          0          0          0          0          0          0          0          0          0          0          0 
         0          0          0          0          0        332          0          0          0          0          0          0          0          0          0          0          0          0          0          0 
         0          0          0          0          0          0        441          0          0          0          0          0          0          0          0          0          0          0          0          0 
         0          0          0          0          0          0          0        560          0          0          0          0          0          0          0          0          0          0          0          0 
         0          0          0          0          0          0          0          0        686          0          0          0          0          0          0          0          0          0          0          0 
         0          0          0          0          0          0          0          0          0        816          0          0          0          0          0          0          0          0          0          0 
         0          0          0          0          0          0          0          0          0          0        948          0          0          0          0          0          0          0          0          0 
         0          0          0          0          0          0          0          0          0          0          0   1.08e+03          0          0          0          0          0          0          0          0 
         0          0          0          0          0          0          0          0          0          0          0          0    1.2e+03          0          0          0          0          0          0          0 
         0          0          0          0          0          0          0          0          0          0          0          0          0   1.32e+03          0          0          0          0          0          0 
         0          0          0          0          0          0          0          0          0          0          0          0          0          0   1.43e+03          0          0          0          0          0 
         0          0          0          0          0          0          0          0          0          0          0          0          0          0          0   1.53e+03          0          0          0          0 
         0          0          0          0          0          0          0          0          0          0          0          0          0          0          0          0   1.61e+03          0          0          0 
         0          0          0          0          0          0          0          0          0          0          0          0          0          0          0          0          0   1.68e+03          0          0 
         0          0          0          0          0          0          0          0          0          0          0          0          0          0          0          0          0          0   1.72e+03          0 
         0          0          0          0          0          0          0          0          0          0          0          0          0          0          0          0          0          0          0   1.75e+03 


Compare first 6 eigvals with analytic energies
0 9.851211 9.869604
1 39.184785 39.478418
2 87.345459 88.826440
3 153.257401 157.913670
4 235.448249 246.740110
5 332.081995 355.305758
