
 Problem A1: Test Jacobi functionality 

Symmetric random test matrix A
A = 
     0.494      0.636      0.394      0.401     0.0953      0.413 
     0.636      0.695     0.0509      0.677      0.598       0.63 
     0.394     0.0509      0.957       0.37      0.925     0.0471 
     0.401      0.677       0.37      0.149      0.338     0.0565 
    0.0953      0.598      0.925      0.338      0.395      0.605 
     0.413       0.63     0.0471     0.0565      0.605     0.0098 

Jacobi diagonalisation A=V*D*V.T

V = 
     0.336     -0.086      0.481      0.665     -0.259      0.373 
   -0.0923      0.631     -0.251     -0.165     -0.508      0.495 
    -0.372      0.264     0.0371      0.232      0.734      0.444 
    -0.129     -0.571     -0.684      0.258     -0.108      0.333 
     0.639     -0.182     0.0207     -0.518       0.27      0.466 
    -0.561     -0.406      0.485     -0.377     -0.226      0.301 

D = 
    -0.779          0          0          0          0          0 
         0     -0.561          0          0          0          0 
         0          0     0.0439          0          0          0 
         0          0          0      0.321          0          0 
         0          0          0          0       1.05          0 
         0          0          0          0          0       2.62 

(V.T*A)*V - D =
  0.000000  0.000000  0.000000  0.000000  0.000000  0.000000
  0.000000  0.000000  0.000000  0.000000  0.000000  0.000000
  0.000000  0.000000  0.000000  0.000000  0.000000  0.000000
  0.000000  0.000000  0.000000  0.000000  0.000000  0.000000
  0.000000  0.000000  0.000000  0.000000  0.000000  0.000000
  0.000000  0.000000  0.000000  0.000000  0.000000  0.000000


 Problem A2: Quantum Particle in box 



Compare first 33 eigvals with analytic energies
0 9.868793 9.869604
1 39.465431 39.478418
2 88.760708 88.826440
3 157.705974 157.913670
4 246.233188 246.740110
5 354.254985 355.305758
6 481.664761 483.610616
7 628.336777 631.654682
8 794.126286 799.437956
9 978.869674 986.960440
10 1182.384621 1194.222133
11 1404.470282 1421.223034
12 1644.907486 1667.963144
13 1903.458951 1934.442463
14 2179.869516 2220.660990
15 2473.866399 2526.618727
16 2785.159460 2852.315672
17 3113.441490 3197.751826
18 3458.388515 3562.927189
19 3819.660113 3947.841760
20 4196.899752 4352.495541
21 4589.735144 4776.888530
22 4997.778607 5221.020728
23 5420.627452 5684.892135
24 5857.864376 6168.502751
25 6309.057881 6671.852575
26 6773.762694 7194.941608
27 7251.520205 7737.769850
28 7741.858927 8300.337301
29 8244.294954 8882.643961
30 8758.332443 9484.689829
31 9283.464100 10106.474907
32 9819.171685 10747.999193
