Problem A1
Random tall matrix A with random dimensions
A = 
      9.51       4.22       9.86       1.01       5.67       1.54       2.25 
     0.918       5.73       6.05       5.92       7.28       3.75       7.73 
       1.6      0.534       4.14       1.57       2.19     0.0641      0.875 
      7.77       1.17       4.75        7.2       7.18       6.79       1.42 
      7.81        6.9       3.73       1.83       3.66       7.41       7.73 
      2.23      0.136       9.43      0.047       9.66        8.2       5.49 
      9.15       9.59       9.53       7.32       3.36       6.87       4.72 
Q = 
     0.546     -0.245       0.17     -0.426     -0.146     -0.604     -0.214 
    0.0527      0.643      0.351      0.366       0.36     -0.441    -0.0487 
    0.0915    -0.0628       0.28     0.0931       -0.3     -0.123      0.892 
     0.446     -0.485     -0.115      0.709       0.22     0.0275      -0.04 
     0.448      0.229     -0.402     -0.351      0.554       0.19      0.345 
     0.128     -0.164      0.771     -0.182      0.292      0.487    -0.0824 
     0.525      0.457    -0.0085      0.132     -0.564      0.389     -0.168 
R = 
      17.4       11.3       16.1       8.88       11.5         12       8.99 
         0       7.99       2.57       3.72      0.455       2.22       6.69 
         0          0       10.1        1.1       9.26        4.1       4.27 
         0          0          0        7.3       2.95       2.36     -0.128 
         0          0          0          0       5.68       5.24       5.74 
         0          0          0          0          0       5.67       1.14 
         0          0          0          0          0          0       1.29 
Q^T Q = 
         1   3.89e-16  -1.46e-16  -8.33e-17   3.89e-16   2.78e-17  -1.35e-15 
  3.89e-16          1  -1.03e-16  -1.25e-16   2.78e-16  -1.94e-16  -9.85e-16 
 -1.46e-16  -1.03e-16          1   3.51e-17   3.52e-16   2.52e-17  -7.86e-16 
 -8.33e-17  -1.25e-16   3.51e-17          1   5.55e-17  -6.94e-18  -3.82e-16 
  3.89e-16   2.78e-16   3.52e-16   5.55e-17          1  -2.78e-17     -5e-16 
  2.78e-17  -1.94e-16   2.52e-17  -6.94e-18  -2.78e-17          1   8.33e-17 
 -1.35e-15  -9.85e-16  -7.86e-16  -3.82e-16     -5e-16   8.33e-17          1 
Q*R-A
         0          0          0   2.22e-16          0   2.22e-16   4.44e-16 
         0          0          0          0          0  -4.44e-16   8.88e-16 
         0          0          0          0   4.44e-16   1.53e-16   1.11e-16 
         0          0          0   8.88e-16          0   8.88e-16   2.22e-16 
         0          0          0  -8.88e-16          0          0          0 
         0          0          0  -2.78e-17   1.78e-15          0          0 
 -1.78e-15          0          0   8.88e-16  -8.88e-16          0          0 
R Size1: 7, Size2: 7
Problem A2
Random square matrix A:
A = 
      7.15       7.16        9.5       2.02       4.91       4.43       1.54       6.61       9.27       3.65       1.93        8.5       4.55       4.48       7.73        4.9       7.33       6.47 
      5.79      0.297       1.05       4.64       6.74       2.19       1.82       2.13       1.99       6.01       9.75       9.11       5.97       5.09       2.25      0.366       4.28      0.753 
      1.91       4.75       5.22       8.17       8.11       9.77       3.46       8.13          6       8.37        5.1       8.19       7.09       2.86       1.71       2.64       5.62       9.81 
      4.19       2.51      0.423       7.31        0.2       2.78       2.44       5.53       6.87      0.166       7.68       6.84       6.25       4.18      0.204       6.98       2.99       2.57 
      1.25       7.62       2.19       1.28       1.18        8.6       6.19       3.44       7.02        3.8       8.92       6.89        7.4       3.33       9.48       2.43       6.18       1.77 
     0.331        4.6       4.55       2.44       5.72       2.57        2.9       3.29      0.452       9.16       2.12      0.924       7.98      0.114       9.87       9.14       1.39          8 
      7.62       2.91       1.33       1.82       1.12       6.76       5.76       8.64       6.62       9.98       2.77       4.35       7.36       3.81          8       8.44       6.65       8.39 
      8.02       8.81        1.9       9.62       8.37       7.89       8.15       7.04       1.32        6.1       5.82        8.8       7.01       8.26       1.94       1.48       4.81       3.27 
     0.442       8.51       3.49        7.8       6.67       7.08       5.96       2.92      0.525        6.1        1.8       8.31       2.92       9.55       3.46       1.49       1.12       2.58 
       6.1       8.01       4.53       3.44       3.66       4.08       5.44       9.66       2.82       7.82       2.97       4.51       2.41       5.88          9       4.73       7.99       8.14 
       4.9      0.221       2.14       4.82       3.66       5.45       7.37       2.05       5.24       3.01       3.17       6.28       5.34       5.53       7.14       9.36       5.39       6.81 
      8.74       7.01       4.85        9.4       2.36       7.01       4.26       8.14       9.95       6.01        3.7       5.91       9.31        8.2       1.55       5.33       6.59      0.899 
     0.441       1.28       4.34       9.08       6.07       1.62       8.84       2.43       6.49       6.54       2.48       7.44       7.37       3.05      0.496       2.19       5.99      0.988 
      3.29        5.5       7.87       5.13      0.559       5.52        5.5       1.35       8.35       9.33        3.7       4.98       4.72     0.0082       8.94       6.24       8.92       4.11 
      2.46       9.65      0.935       3.23      0.562       9.92      0.518       7.72       5.66       2.52       8.64      0.647       5.42       7.12        2.2      0.563       2.04       1.09 
      3.03       5.31      0.719       8.82       3.59       4.72       3.26       9.52       8.74       1.51       1.82       2.47       8.49       1.13       4.13       6.39       9.73       6.34 
    0.0533      0.055       4.94       7.95       4.61       2.84       9.86       2.98       2.71       7.71       3.91       6.58       2.77       4.16       7.97       7.86       3.21       3.61 
      3.39       3.64       6.07       6.21       9.97       1.05       1.18       9.01        5.9       3.19       4.02       7.51       6.51       9.03       7.39       5.86       0.51       1.99 
Random vector b:
b =       1.06     0.0374        2.9       1.15       2.87       3.06       2.25      0.142       3.92        2.8       1.67       2.99       1.65       1.53       4.77       2.78       4.69       1.08 
Solution x =      -2.04      0.269      0.615      -2.78        1.6       1.72      -0.47       1.28      -1.89      0.406      0.107      0.546     -0.861      0.157      -2.61       4.27       3.23      -3.06 
A*x-b =  -6.13e-14  -2.34e-14    1.6e-14   1.24e-14          0  -6.66e-15  -1.82e-14  -2.75e-14  -1.78e-14   1.33e-15   1.78e-15  -8.88e-16  -1.78e-14   1.22e-14  -2.49e-14  -1.91e-14  -3.82e-14   1.44e-14 
